18 
EastHigh-Gimi-Goroka 0 0.144285445099294 0.145597592360494 0.135980021589751 0.137614975283361 0.131004295132996 0.26818938105436 0.146771376407912 0.17756434814987 0.120762518382918 0.141106492033499 0.130947325095912 0.129205498022255 0.200102721611727 0.268006304772793 0.161892337834803 0.147536895078963 0.132961758811798
Kove 0.144285445099294 0 0.147393721441702 0.141147809302325 0.141259430759295 0.13011588050107 0.208963837097134 0.141496134731413 0.185612197973667 0.12450647441558 0.135524800244989 0.130476785806323 0.129838413003731 0.165367618274422 0.205739079183497 0.142550629636284 0.141598529779871 0.130579158924322
Kuot-Kabil 0.145597592360494 0.147393721441702 0 0.0923233377087397 0.0956876601933093 0.122281906997619 0.210619421234714 0.129437159054774 0.169350646996101 0.11494197581939 0.124631498586633 0.112318224855159 0.0900205497488488 0.160712368683119 0.204734508984653 0.114279942379768 0.111824009514214 0.100642547218706
Kuot-Lamalaua 0.135980021589751 0.141147809302325 0.0923233377087397 0 0.100708535075521 0.120654095759041 0.213564828769869 0.123471486881377 0.170435625353895 0.108321337014017 0.121639183025456 0.108917410245064 0.0933262892337163 0.160950791520332 0.208010437896709 0.118749653717453 0.110876423537228 0.0999355776554973
Madak 0.137614975283361 0.141259430759295 0.0956876601933093 0.100708535075521 0 0.115705271550797 0.219732603701546 0.121039146666535 0.171724818723602 0.110061980484992 0.124159763729318 0.112828533059078 0.0954285047671787 0.163131656429694 0.205558676883958 0.114648075314286 0.110485767913827 0.0980237646679527
Mangseng 0.131004295132996 0.13011588050107 0.122281906997619 0.120654095759041 0.115705271550797 0 0.203801226904534 0.104240544781018 0.150030401961032 0.095976124825215 0.111473542463666 0.111689563692227 0.108204009807414 0.155026681216897 0.195797747800734 0.126850655973866 0.122284149188615 0.107012763082729
Maoris 0.26818938105436 0.208963837097134 0.210619421234714 0.213564828769869 0.219732603701546 0.203801226904534 0 0.212412465754289 0.272369638228849 0.216628650894993 0.21645794048492 0.186570152516058 0.200424689543264 0.141916993505259 0.127811424255991 0.182008325573932 0.191178819228796 0.192590484386391
Nakanai-Bileki 0.146771376407912 0.141496134731413 0.129437159054774 0.123471486881377 0.121039146666535 0.104240544781018 0.212412465754289 0 0.148609359362284 0.104660378751783 0.106221598705134 0.119338915093864 0.114417372609392 0.160321323911852 0.201911870176735 0.130345925398393 0.125617069154763 0.11217013351217
Nakanai-Loso 0.17756434814987 0.185612197973667 0.169350646996101 0.170435625353895 0.171724818723602 0.150030401961032 0.272369638228849 0.148609359362284 0 0.140661393983721 0.151433858746778 0.160938339296627 0.158070744104418 0.215086052551053 0.268140054752939 0.17249280073141 0.171645841078289 0.15350866325444
Mengen 0.120762518382918 0.12450647441558 0.11494197581939 0.108321337014017 0.110061980484992 0.095976124825215 0.216628650894993 0.104660378751783 0.140661393983721 0 0.102148749020949 0.109430662800218 0.0995955630149542 0.163746648855561 0.208777397676581 0.122166903247146 0.114707197406974 0.103289170171494
Melamela 0.141106492033499 0.135524800244989 0.124631498586633 0.121639183025456 0.124159763729318 0.111473542463666 0.21645794048492 0.106221598705134 0.151433858746778 0.102148749020949 0 0.116620250538341 0.118182870502281 0.163911445139953 0.207636825177916 0.132071428387744 0.125173765345427 0.110651072117566
Mussau 0.130947325095912 0.130476785806323 0.112318224855159 0.108917410245064 0.112828533059078 0.111689563692227 0.186570152516058 0.119338915093864 0.160938339296627 0.109430662800218 0.116620250538341 0 0.101764132975205 0.133235703274569 0.175423664085397 0.112965951745743 0.107545186083475 0.0994140176674754
Nalik 0.129205498022255 0.129838413003731 0.0900205497488488 0.0933262892337163 0.0954285047671787 0.108204009807414 0.200424689543264 0.114417372609392 0.158070744104418 0.0995955630149542 0.118182870502281 0.101764132975205 0 0.149814318384737 0.186696613891943 0.106386901483345 0.0954832371275603 0.0837004327432225
Micronesians 0.200102721611727 0.165367618274422 0.160712368683119 0.160950791520332 0.163131656429694 0.155026681216897 0.141916993505259 0.160321323911852 0.215086052551053 0.163746648855561 0.163911445139953 0.133235703274569 0.149814318384737 0 0.125237993019535 0.138553713866909 0.141444638898688 0.142160871429712
Samoans 0.268006304772793 0.205739079183497 0.204734508984653 0.208010437896709 0.205558676883958 0.195797747800734 0.127811424255991 0.201911870176735 0.268140054752939 0.208777397676581 0.207636825177916 0.175423664085397 0.186696613891943 0.125237993019535 0 0.17139782685976 0.183754705853149 0.180797373718772
Saposa 0.161892337834803 0.142550629636284 0.114279942379768 0.118749653717453 0.114648075314286 0.126850655973866 0.182008325573932 0.130345925398393 0.17249280073141 0.122166903247146 0.132071428387744 0.112965951745743 0.106386901483345 0.138553713866909 0.17139782685976 0 0.0802860539963974 0.102409051383694
Teop 0.147536895078963 0.141598529779871 0.111824009514214 0.110876423537228 0.110485767913827 0.122284149188615 0.191178819228796 0.125617069154763 0.171645841078289 0.114707197406974 0.125173765345427 0.107545186083475 0.0954832371275603 0.141444638898688 0.183754705853149 0.0802860539963974 0 0.0972516655877248
Tigak 0.132961758811798 0.130579158924322 0.100642547218706 0.0999355776554973 0.0980237646679527 0.107012763082729 0.192590484386391 0.11217013351217 0.15350866325444 0.103289170171494 0.110651072117566 0.0994140176674754 0.0837004327432225 0.142160871429712 0.180797373718772 0.102409051383694 0.0972516655877248 0
